    unsorted:	 171.3472991 171.3472991 171.3472991 171.3472991 171.3472991 171.3472991 171.3472991 171.3472991 171.3472991 171.3472991 298.7156378 294.6494222 329.9878758 326.9433184 275.4162805 358.0417451 374.6717136 385.5364606 412.1932883 421.1455029 251.9931188 229.4648281 456.7491070 488.7760233 184.9606577 156.8570205 124.8703910 549.5202840 0.06419255210 0.05450309865 74.93763142 61.76745921 595.4091938 643.4488405 703.4729996 817.2077222 878.4358607 941.6301199 1024.420582 1213.230780 1340.292576 1492.510419 1582.217677 1765.427560 1915.071297 2319.958528 2528.360905 2972.114657 3230.815192 3543.407779 3780.804782 4615.422996 5003.680267 6139.587153 7089.188452 10557.85585 16017.89882 39454.36229 36347.34665 56854.47905 153435.5207 369106.5000 5742819.352
      sorted:	 0.05450309865 0.06419255210 61.76745921 74.93763142 124.8703910 156.8570205 171.3472991 171.3472991 171.3472991 171.3472991 171.3472991 171.3472991 171.3472991 171.3472991 171.3472991 171.3472991 184.9606577 229.4648281 251.9931188 275.4162805 294.6494222 298.7156378 326.9433184 329.9878758 358.0417451 374.6717136 385.5364606 412.1932883 421.1455029 456.7491070 488.7760233 549.5202840 595.4091938 643.4488405 703.4729996 817.2077222 878.4358607 941.6301199 1024.420582 1213.230780 1340.292576 1492.510419 1582.217677 1765.427560 1915.071297 2319.958528 2528.360905 2972.114657 3230.815192 3543.407779 3780.804782 4615.422996 5003.680267 6139.587153 7089.188452 10557.85585 16017.89882 36347.34665 39454.36229 56854.47905 153435.5207 369106.5000 5742819.352
